702 3
1035
2860 9
5579
5878 10
5890
6189 11
6193
8010 17
9360
10575 21
10599
11504 24
11522
11828 25
11882
12488 27
13896
16024 34
16042
16344 35
16398
17000 37
18184
20332 44
20420
21017 46
26579
28726 53
28814
29411 55
119569
119875 56
119907
120520 58
120738
123477 67
126605
128112 72
147023
147338 73
147410
149841 81
150514
150815 82
151449
154809 93
155325
156227 96
156294
156896 98
157379
161367 111
161421
162018 113
191768
192071 114
192133
195491 125
195562
196167 127
196220
196521 128
196561
196862 129
196904
197205 130
197276
197577 131
197783
