695 3
1028
2853 9
5650
7467 15
8812
10027 19
10051
10956 22
10974
11280 23
11334
11932 25
13385
15513 32
15531
15833 33
15887
16485 35
17714
19854 42
19942
20539 44
26287
28446 51
28534
29131 53
141555
141861 54
141893
142506 56
142724
145467 65
148595
150110 70
169072
169387 71
169459
171890 79
172563
172860 80
173494
176858 91
177374
178276 94
178343
178949 96
179432
183404 109
183458
184059 111
223567
226925 122
226996
227597 124
227650
227951 125
227991
228292 126
228334
228635 127
228706
229007 128
229189
