971 3
1304
3129 9
5307
7124 15
8372
9587 19
9611
10516 22
10534
10840 23
10894
11492 25
12848
14976 32
14994
15296 33
15350
15948 35
17080
19220 42
19308
19905 44
25467
27626 51
27714
28311 53
118473
118779 54
118811
119424 56
119642
122385 65
125513
127028 70
145990
146305 71
146377
148808 79
149481
149778 80
150412
153776 91
154292
155194 94
155261
155867 96
156350
160322 109
160376
160977 111
200485
203843 122
203914
204515 124
204568
204869 125
204909
205210 126
205252
205553 127
205624
205925 128
206107
