971 3
1304
3129 9
5164
5463 10
5475
5774 11
5778
7595 17
8848
10063 21
10087
10992 24
11010
11316 25
11370
11976 27
13287
15415 34
15433
15735 35
15789
16391 37
17478
19626 44
19714
20311 46
25974
28121 53
28209
28806 55
118976
119282 56
119314
119927 58
120145
122884 67
126013
127520 72
146430
146745 73
146817
149248 81
149921
150222 82
150856
154216 93
154732
155634 96
155701
156303 98
156786
160774 111
160828
161425 113
189505
189808 114
189870
193228 125
193299
193904 127
193957
194258 128
194298
194599 129
194641
194942 130
195013
195314 131
195520
