702 3
1035
2860 9
5519
5818 10
5830
6129 11
6133
7950 17
9300
10515 21
10539
11444 24
11462
11768 25
11822
12428 27
13833
15961 34
15979
16281 35
16335
16937 37
18118
20266 44
20354
20951 46
26514
28661 53
28749
29346 55
119543
119849 56
119881
120494 58
120712
123451 67
126580
128087 72
147053
147368 73
147440
149871 81
150544
150845 82
151479
154839 93
155355
156257 96
156324
156926 98
157409
161397 111
161451
162048 113
167717
168020 114
168082
171440 125
171511
172116 127
172169
172470 128
172510
172811 129
172853
173154 130
173225
173526 131
173732
