971 3
1304
3129 9
5164
5463 10
5475
5774 11
5778
7595 17
8848
10063 21
10087
10992 24
11010
11316 25
11370
11976 27
13287
15415 34
15433
15735 35
15789
16391 37
17478
19626 44
19714
20311 46
25874
28021 53
28109
28706 55
118873
119179 56
119211
119824 58
120042
122781 67
125910
127417 72
146329
146644 73
146716
149147 81
149820
150121 82
150755
154115 93
154631
155533 96
155600
156202 98
156685
160673 111
160727
161324 113
201216
204570 124
204641
205246 126
205299
205600 127
205640
205941 128
205983
206284 129
206355
206656 130
206862
