971 3
1304
3129 9
5307
7124 15
8372
9587 19
9611
10516 22
10534
10840 23
10894
11492 25
12778
14906 32
14924
15226 33
15280
15878 35
16940
19080 42
19168
19765 44
25328
27487 51
27575
28172 53
118317
118623 54
118655
119268 56
119486
122229 65
125357
126872 70
145801
146116 71
146188
148619 79
149292
149589 80
150223
153587 91
154103
155005 94
155072
155678 96
156161
160133 109
160187
160788 111
200298
203656 122
203727
204328 124
204381
204682 125
204722
205023 126
205065
205366 127
205437
205738 128
205920
