971 3
1304
3129 9
5164
5463 10
5475
5774 11
5778
7595 17
8843
10058 21
10082
10987 24
11005
11311 25
11365
11971 27
13327
15455 34
15473
15775 35
15829
16431 37
17563
19711 44
19799
20396 46
25957
28104 53
28192
28789 55
118943
119249 56
119281
119894 58
120112
122851 67
125979
127486 72
146397
146712 73
146784
149215 81
149888
150189 82
150823
154183 93
154699
155601 96
155668
156270 98
156753
160725 111
160779
161376 113
200884
204238 124
204309
204914 126
204967
205268 127
205308
205609 128
205651
205952 129
206023
206324 130
206506
