695 3
1028
2853 9
5650
7467 15
8812
10027 19
10051
10956 22
10974
11280 23
11334
11932 25
13385
15513 32
15531
15833 33
15887
16485 35
17714
19854 42
19942
20539 44
26286
28445 51
28533
29130 53
143744
144050 54
144082
144695 56
144913
147656 65
150784
152299 70
171210
171525 71
171597
174028 79
174701
174998 80
175632
178996 91
179512
180414 94
180481
181087 96
181570
185542 109
185596
186197 111
225707
229065 122
229136
229737 124
229790
230091 125
230131
230432 126
230474
230775 127
230846
231147 128
231329
