971 3
1304
3129 9
5164
5463 10
5475
5774 11
5778
7595 17
8848
10063 21
10087
10992 24
11010
11316 25
11370
11976 27
13287
15415 34
15433
15735 35
15789
16391 37
17478
19626 44
19714
20311 46
25877
28024 53
28112
28709 55
118870
119176 56
119208
119821 58
120039
122778 67
125907
127414 72
146378
146693 73
146765
149196 81
149869
150170 82
150804
154164 93
154680
155582 96
155649
156251 98
156734
160722 111
160776
161373 113
191125
191428 114
191490
194848 125
194919
195524 127
195577
195878 128
195918
196219 129
196261
196562 130
196633
196934 131
197140
