971 3
1304
3129 9
5307
7124 15
8372
9587 19
9611
10516 22
10534
10840 23
10894
11492 25
12848
14976 32
14994
15296 33
15350
15948 35
17080
19220 42
19308
19905 44
25467
27626 51
27714
28311 53
118475
118781 54
118813
119426 56
119644
122387 65
125515
127030 70
145991
146306 71
146378
148809 79
149482
149779 80
150413
153777 91
154293
155195 94
155262
155868 96
156351
160323 109
160377
160978 111
200488
203846 122
203917
204518 124
204571
204872 125
204912
205213 126
205255
205556 127
205627
205928 128
206110
