971 3
1304
3129 9
5307
7124 15
8372
9587 19
9611
10516 22
10534
10840 23
10894
11492 25
12778
14906 32
14924
15226 33
15280
15878 35
16940
19080 42
19168
19765 44
25330
27489 51
27577
28174 53
118355
118661 54
118693
119306 56
119524
122267 65
125395
126910 70
145872
146187 71
146259
148690 79
149363
149660 80
150294
153658 91
154174
155076 94
155143
155749 96
156232
160204 109
160258
160859 111
200365
203723 122
203794
204395 124
204448
204749 125
204789
205090 126
205132
205433 127
205504
205805 128
205987
