971 3
1304
3129 9
5307
7124 15
8372
9587 19
9611
10516 22
10534
10840 23
10894
11492 25
12848
14976 32
14994
15296 33
15350
15948 35
17080
19220 42
19308
19905 44
32315
34474 51
34562
35159 53
125347
125653 54
125685
126298 56
126516
129259 65
133264
134779 70
153718
154033 71
154105
156536 79
157209
157506 80
158140
161504 91
162020
162922 94
162989
163595 96
164078
168050 109
168104
168705 111
208215
211573 122
211644
212245 124
212298
212599 125
212639
212940 126
212982
213283 127
213354
213655 128
213837
