971 3
1304
3129 9
5163
6980 15
8228
9443 19
9467
10372 22
10390
10696 23
10750
11348 25
12704
14832 32
14850
15152 33
15206
15804 35
16936
19076 42
19164
19761 44
25324
27483 51
27571
28168 53
118334
118640 54
118672
119285 56
119503
122246 65
125375
126890 70
145820
146135 71
146207
148638 79
149311
149608 80
150242
153606 91
154122
155024 94
155091
155697 96
156180
160152 109
160206
160807 111
200313
203671 122
203742
204343 124
204396
204697 125
204737
205038 126
205080
205381 127
205452
205753 128
205935
