971 3
1304
3129 9
5164
5463 10
5475
5774 11
5778
7595 17
8848
10063 21
10087
10992 24
11010
11316 25
11370
11976 27
13272
15400 34
15418
15720 35
15774
16376 37
17448
19596 44
19684
20281 46
25837
27984 53
28072
28669 55
118839
119145 56
119177
119790 58
120008
122747 67
125876
127383 72
146346
146661 73
146733
149164 81
149837
150138 82
150772
154132 93
154648
155550 96
155617
156219 98
156702
160690 111
160744
161341 113
201233
204587 124
204658
205263 126
205316
205617 127
205657
205958 128
206000
206301 129
206372
206673 130
206879
